Date,Event Name,Placement,Earning,int earning,Ranking,Buy-in,Earning increment
2013-03-24,"€ 150 + 20 No Limit Hold'em - Deepstack TurboJP Masters and Norwegian Championships, Dublin",25th,$ 350,350,25,150.0,350
2014-11-27,"£ 1,000 + 100 No Limit Hold'em Main EventUnibet Open - UO London, London",45th,$ 238,238,45,1000.0,588
2015-03-25,"€ 150 + 20 No Limit Hold'em -  Deepstack TurboJP Poker Masters & Norwegian Championship, Dublin",9th,$ 563,563,9,150.0,1151
2015-11-19,"kr 5,000 No Limit Hold'em - Main EventNorwegian Championships National, Oslo",142nd,"$ 2,832",2832,142,5000.0,3983
2017-01-28,"€ 1,000 + 100 No Limit Hold'em - High RollerMPN Poker Tour - Vienna, Vienna",4th,"$ 2,836",2836,4,1000.0,6819
2017-03-29,"€ 350 + 35 No Limit Hold'em - Irish Open Heads UpIrish Poker Open & Norwegian Championships 2017, Dublin",2nd,"$ 1,256",1256,2,350.0,8075
2017-10-03,"$ 200 + 26 No Limit Hold'em2017 The Venetian Resort Hotel Casino Recurring Tournaments, Las Vegas",4th,$ 718,718,4,200.0,8793
2017-11-05,"€ 220 + 25 No Limit Hold'em - Siege of MaltaPokerListings Battle of Malta, St. Julian’s",12th,"$ 1,834",1834,12,220.0,10627
2017-12-08,"£ 200 + 20 No Limit Hold'emUnibet UK Poker Tour - Unibet UKPT Manchester, Manchester",11th,$ 911,911,11,200.0,11538
2017-12-14,"€ 2,200 No Limit Hold'em - partypoker Nordic Poker Championshipspartypoker Nordic Poker Championships, Prague",8th,"$ 1,648",1648,8,2200.0,13186
2018-03-17,"€ 400 + 40 Limit Hold'em - Norwegian Championship 6-Max (NM1) Irish Poker Open & Norwegian Championships 2018, Dublin",22nd,$ 688,688,22,400.0,13874
2018-03-18,"€ 800 + 80 No Limit Hold'em - Norwegian Championship Heads-Up (NM2) Irish Poker Open & Norwegian Championships 2018, Dublin",8th,"$ 23,530",23530,8,800.0,37404
2018-03-20,"€ 800 + 80 Pot Limit Omaha 6-Max Triple Chance (NM4) Irish Poker Open & Norwegian Championships 2018, Dublin",23rd,"$ 2,312",2312,23,800.0,39716
2018-03-20,"€ 2,000 + 80 No Limit Hold'em High Roller 8-MaxIrish Poker Open & Norwegian Championships 2018, Dublin",6th,"$ 5,591",5591,6,2000.0,45307
2018-05-01,"€ 200 + 20 No Limit Hold'em - Coolbet Open WarmUp EventCoolbet Open, Tallinn",8th,$ 486,486,8,200.0,45793
2018-07-26,"€ 1,000 + 100 No Limit Hold'em Main Event Day (Event #14)Tallinn Summer Showdown 2018, Tallinn",15th,"$ 7,092",7092,15,1000.0,52885
2018-07-28,"€ 2,000 + 150 Tallinn Summer Showdown HighRoller (Event #29)Tallinn Summer Showdown 2018, Tallinn",2nd,"$ 16,020",16020,2,2000.0,68905
2018-08-02,"€ 150 + 15 No Limit Hold'em - HyperturboUnibet Open - UO Bucharest, Bucharest",2nd,"$ 2,632",2632,2,150.0,71537
2018-08-30,"kr 10,000 No Limit Hold'em - High Roller2018 Norwegian Championship, Oslofjorden",16th,"$ 5,092",5092,16,10000.0,76629
2018-09-01,"kr 2,500 No Limit Hold'em - Turbo2018 Norwegian Championship, Oslofjorden",22nd,"$ 2,441",2441,22,2500.0,79070
2018-10-17,"€ 500 + 50 No Limit Hold'em - Coolbet Open Main EventCoolbet Open, Tallinn",43rd,"$ 1,621",1621,43,500.0,80691
2018-10-25,"€ 500 + 50 No Limit Hold'em - Battle of MaltaBattle of Malta 2018, St Julians",232nd,"$ 1,502",1502,232,500.0,82193
2018-11-01,"€ 500 + 50 No Limit Hold'em - Malta Poker Festival Grand Event2018 Malta Poker Festival (MPF) (THMC), St. Julian’s",6th,"$ 31,729",31729,6,500.0,113922
2019-01-18,"$ 600 + 60 No Limit Hold'em - Turbo Deep Stack #27Merit Poker Western Tournament, Kyrenia",10th,"$ 1,344",1344,10,600.0,115266
2019-01-20,"$ 500 + 50 No Limit Hold'em - Bounty  #32Merit Poker Western Tournament, Kyrenia",6th,$ 690,690,6,500.0,115956
2019-02-13,"€ 1,000 + 100 No Limit Hold'em - Main EventUnibet Open - UO Sinaia, Sinaia",7th,"$ 1,335",1335,7,1000.0,117291
2019-04-06,"€ 400 + 40 Limit Hold'em - 6 Handed (NM1) Norwegian Championships 2019, Dublin",28th,$ 583,583,28,400.0,117874
2019-04-08,"€ 800 + 80 Pot Limit Omaha - 6 Handed 2nd Chance (NM4) Norwegian Championships 2019, Dublin",34th,"$ 13,737",13737,34,800.0,131611
2019-07-24,"€ 500 + 50 No Limit Texas Hold'em - Tallinn Summer Showdown ChampionshipTallinn Summer Showdown 2019, Tallinn",8th,"$ 2,534",2534,8,500.0,134145
2019-08-23,"€ 550 No Limit Hold'em - EPT Cup (Event #12)European Poker Tour - EPT Barcelona, Barcelona",57th,"$ 1,676",1676,57,550.0,135821
2019-12-07,"€ 1,100 No Limit Hold'em - EPT National (Event #4)European Poker Tour - EPT Prague, Prague",277th,"$ 1,980",1980,277,1100.0,137801
2019-12-11,"€ 5,300 No Limit Hold'em - EPT Prague Main Event (Event #20)European Poker Tour - EPT Prague, Prague",142nd,"$ 3,580",3580,142,5300.0,141381
2020-02-27,"No Limit Hold'em - Unibet Battle Royale Unibet Open - UO Dublin, Dublin",3rd,"$ 10,931",10931,3,,152312
2020-02-27,"€ 1,000 + 100 No Limit Hold'em - Unibet Open Main EventUnibet Open - UO Dublin, Dublin",6th,"$ 13,251",13251,6,1000.0,165563
2020-04-07,"$ 265 No Limit Hold'em - The Hendon Mob Championship (THMC)Irish Poker Open 2020 - Online at partypoker, Online",47th,$ 616,616,47,265.0,166179
2020-07-26,"$ 400 No Limit Hold'em - COLOSSUS (Event #10)World Series of Poker - WSOP Online 2020 at GGPoker, Online",1028th,$ 548,548,1028,400.0,166727
2020-08-06,"$ 1,000 No Limit Hold'em (Event #52)World Series of Poker - WSOP Online 2020 at GGPoker, Online",69th,"$ 3,467",3467,69,1000.0,170194
2020-08-12,"$ 2,500 Double Stack No Limit Hold'em (Event #59)World Series of Poker - WSOP Online 2020 at GGPoker, Online",74th,"$ 1,011",1011,74,2500.0,171205
2020-08-16,"$ 840 Super Turbo Bounty No Limit Hold'em (Event #64)World Series of Poker - WSOP Online 2020 at GGPoker, Online",221st,"$ 1,606",1606,221,840.0,172811
2020-08-16,"$ 500 No Limit Hold'em Mini Main Event (Event #63)World Series of Poker - WSOP Online 2020 at GGPoker, Online",1485th,"$ 6,411",6411,1485,500.0,179222
2020-08-18,"$ 600 No Limit Hold'em Deepstack Championship (Event #65)World Series of Poker - WSOP Online 2020 at GGPoker, Online",332nd,"$ 1,424",1424,332,600.0,180646
2020-08-22,"$ 500 Deepstack No-Limit Hold'em (Event #68)World Series of Poker - WSOP Online 2020 at GGPoker, Online",230th,"$ 1,356",1356,230,500.0,182002
2020-08-30,"$ 400 FORTY STACK No Limit Hold'em (Event #76)World Series of Poker - WSOP Online 2020 at GGPoker, Online",5th,"$ 59,796",59796,5,400.0,241798
2020-08-30,"$ 5,000 No Limit Hold'em Main Event (Event #77)World Series of Poker - WSOP Online 2020 at GGPoker, Online",242nd,"$ 1,187",1187,242,5000.0,242985
2020-09-05,"$ 1,050 No Limit Hold'em - Beat the Pros [Bounty] (Event #82)World Series of Poker - WSOP Online 2020 at GGPoker, Online",79th,"$ 9,396",9396,79,1050.0,252381
2021-02-21,"$ 5,000 + 300 No Limit Hold'em MILLIONS Online Main Eventpartypoker MILLIONS Online, Online",19th,"$ 20,124",20124,19,5000.0,272505
2021-08-07,"$ 315 No Limit Hold'em - Bounty Deepstack ONLINE (Event #5)World Series of Poker - WSOP ONLINE 2021 at GGPoker (International), Online",185th,$ 900,900,185,315.0,273405
2021-08-08,"$ 200 No Limit Hold'em - Flip & Go Flip ONLINE (Event #6)World Series of Poker - WSOP ONLINE 2021 at GGPoker (International), Online",298th,"$ 35,084",35084,298,200.0,308489
2021-08-09,"$ 1,000 No Limit Hold'em - Double Stack ONLINE (Event #12)World Series of Poker - WSOP ONLINE 2021 at GGPoker (International), Online",572nd,"$ 2,626",2626,572,1000.0,311115
2021-08-12,"$ 525 No Limit Hold'em - Superstack Turbo Bounty ONLINE (Event #9)World Series of Poker - WSOP ONLINE 2021 at GGPoker (International), Online",53rd,"$ 1,236",1236,53,525.0,312351
2021-08-19,"$ 500 No Limit Hold'em - The BIG 500 ONLINE (Event #14)World Series of Poker - WSOP ONLINE 2021 at GGPoker (International), Online",45th,"$ 3,010",3010,45,500.0,315361
2021-08-22,"$ 5,000 No Limit Hold'em - Main Event Online Championship ONLINE (Event #27)World Series of Poker - WSOP ONLINE 2021 at GGPoker (International), Online",6th,"$ 5,714",5714,6,5000.0,321075
2021-08-26,"$ 840 No Limit Hold'em - 6-Handed Bounty ONLINE (Event #19)World Series of Poker - WSOP ONLINE 2021 at GGPoker (International), Online",215th,"$ 1,971",1971,215,840.0,323046
2021-08-31,"$ 600 No Limit Hold'em - Deepstack Championship ONLINE (Event #23)World Series of Poker - WSOP ONLINE 2021 at GGPoker (International), Online",457th,"$ 603,058",603058,457,600.0,926104
2021-09-04,"$ 777 No Limit Hold'em - $777 LUCKY SEVENS 7-Handed ONLINE (Event #25)World Series of Poker - WSOP ONLINE 2021 at GGPoker (International), Online",74th,"$ 3,204",3204,74,777.0,929308
2021-09-05,"$ 888 No Limit Hold'em - $888 CRAZY EIGHTS ONLINE (Event #26)World Series of Poker - WSOP ONLINE 2021 at GGPoker (International), Online",138th,"$ 1,027",1027,138,888.0,930335
2022-04-04,"€ 1,000 + 80 No Limit Hold'em - High Roller 8-Max Turbo (Event #15)Norwegian Championships 2022, Dublin",3rd,"$ 6,518",6518,3,1000.0,936853
2022-04-06,"€ 1,000 + 80 No Limit Hold'em - High Roller Turbo (Event #28)Norwegian Championships 2022, Dublin",5th,"$ 2,537",2537,5,1000.0,939390
2022-04-28,"€ 1,100 No Limit Hold'em - FPS Monte Carlo Main Event (Event 1)European Poker Tour - EPT Monte Carlo, Monte Carlo",165th,"$ 2,555",2555,165,1100.0,941945
2022-05-06,"€ 2,200 No Limit Hold'em - Deep Stack (Event 42)European Poker Tour - EPT Monte Carlo, Monte Carlo",19th,"$ 5,877",5877,19,2200.0,947822
2022-06-02,"$ 500 No Limit Hold'em - The Housewarming (Event #5)53rd World Series of Poker - WSOP 2022, Las Vegas",2100th,$ 876,876,2100,500.0,948698
2022-06-06,"$ 1,600 No Limit Hold'em - Mid-States Poker Tour (Event 61)Venetian DeepStack Championship Series, Las Vegas",64th,"$ 5,012",5012,64,1600.0,953710
2022-06-18,"$ 320 No Limit Hold'em - Double Stack (Event #8) ONLINEWorld Series of Poker Circuit - WSOPC ONLINE Super Circuit, Online",2nd,"$ 20,638",20638,2,320.0,974348
2022-06-19,"$ 525 No Limit Hold'em - Monster Stack 8-Max (Event #9) ONLINEWorld Series of Poker Circuit - WSOPC ONLINE Super Circuit, Online",35th,"$ 5,622",5622,35,525.0,979970
2022-06-26,"$ 1,000 No Limit Hold'em - Tag Team (Event #55)53rd World Series of Poker - WSOP 2022, Las Vegas",1st,"$ 74,042",74042,1,1000.0,1054012
2022-07-02,"$ 700 No Limit Hold'em - Million Dollar Bounty (Event #68)53rd World Series of Poker - WSOP 2022, Las Vegas",220th,"$ 1,344",1344,220,700.0,1055356
2022-07-03,"$ 10,000 No Limit Hold'em - WSOP Main Event (Event #70)53rd World Series of Poker - WSOP 2022, Las Vegas",1st,"$ 10,000,000",10000000,1,10000.0,11055356
2022-08-05,"$ 5,300 No Limit Hold'em - SHRPO Championship (Event 32)Seminole Hard Rock Poker Open (SHRPO), Hollywood",29th,"$ 5,260",5260,29,5300.0,11060616
2022-08-28,"$ 10,000 + 1,111 No Limit Hold'em - The One Drop (Event #10)Luxon Pay Mediterranean Poker Party (MPP), Kyrenia",2nd,"$ 52,600",52600,2,10000.0,11113216
2022-09-06,"$ 30,000 No Limit Hold'em - 6-Handed (Event #2)Triton Poker Super High Roller Series Cyprus, Kyrenia",15th,"$ 23,255",23255,15,30000.0,11136471
2022-09-07,"$ 50,000 No Limit Hold'em - 6-Handed (Event #3)Triton Poker Super High Roller Series Cyprus, Kyrenia",17th,"$ 92,000",92000,17,50000.0,11228471
2022-09-22,"$ 840 No Limit Hold'em - 6-Handed Bounty ONLINE (Online Bracelet #30)World Series of Poker - WSOP ONLINE 2022 at GGPoker (International), Online",275th,"$ 60,900",60900,275,840.0,11289371
2022-10-20,"£ 24,010 + 990 No Limit Hold'em (Event #10)European Poker Tour - EPT London, London",4th,"$ 95,058",95058,4,24010.0,11384429
2022-10-21,"£ 1,920 + 280 No Limit Hold'em - UKIPT London High Roller (Event #14)European Poker Tour - EPT London, London",102nd,"$ 1,130",1130,102,1920.0,11385559
2022-10-26,"£ 9,700 + 600 No Limit Hold'em - EPT London High Roller (Event #40)European Poker Tour - EPT London, London",15th,"$ 31,259",31259,15,9700.0,11416818
2022-11-07,"€ 25,000 No Limit Hold'em - Platinum High Roller (Bracelet Event #8)World Series of Poker Europe - WSOPE 2022, Rozvadov",9th,"$ 3,577",3577,9,25000.0,11420395
2022-12-12,"$ 9,800 + 600 No Limit Hold'em - WPT World ChampionshipWorld Poker Tour - WPT World Championship at Wynn Las Vegas, Las Vegas",262nd,"$ 19,900",19900,262,9800.0,11440295
2022-12-21,"No Limit Hold'em - PGT Championship PokerGO Tour - 2022 PGT Championship, Las Vegas",11th,"$ 45,155",45155,11,,11485450
2023-03-24,"€ 800 + 80 No Limit Hold'em - Norwegian Championship Heads-Up (Event #5) Poker North Masters & Norwegian Championship 2023, Bratislava",3rd,"$ 7,631",7631,3,800.0,11493081
2023-03-28,"€ 800 + 80 No Limit Hold'em - Norwegian Championship Main Event (Event #25) Poker North Masters & Norwegian Championship 2023, Bratislava",51st,"$ 3,064",3064,51,800.0,11496145
2023-05-30,"$ 25,000 No Limit Hold'em - High Roller 6-Handed (Bracelet Event 2)54th World Series of Poker - WSOP 2023, Las Vegas",25th,"$ 43,750",43750,25,25000.0,11539895
2023-06-04,"$ 5,000 No Limit Hold'em - Freezeout - 8-Handed (Bracelet Event 12)54th World Series of Poker - WSOP 2023, Las Vegas",63rd,"$ 10,952",10952,63,5000.0,11550847
2023-06-06,"$ 25,000 No Limit Hold'em - High Roller - 8-Handed (Bracelet Event 16)54th World Series of Poker - WSOP 2023, Las Vegas",16th,"$ 56,931",56931,16,25000.0,11607778
2023-06-18,"$ 3,000 No Limit Hold'em (Bracelet Event 44)54th World Series of Poker - WSOP 2023, Las Vegas",21st,"$ 25,168",25168,21,3000.0,11632946
2023-06-23,"$ 1,500 No Limit Hold'em - Millionaire Maker (Bracelet Event 53)54th World Series of Poker - WSOP 2023, Las Vegas",367th,"$ 6,239",6239,367,1500.0,11639185
2023-06-25,"$ 400 No Limit Hold'em - Ultra Deepstack (Online Bracelet Event 10) (NV/NJ Only)World Series of Poker - WSOP ONLINE 2023 (US ONLY), Online",164th,"$ 1,149",1149,164,400.0,11640334
2023-07-02,"$ 500 No Limit Hold'em - Deepstack (Online Bracelet Event 12) (NV/NJ Only)World Series of Poker - WSOP ONLINE 2023 (US ONLY), Online",358th,$ 848,848,358,500.0,11641182
2023-07-14,"$ 10,000 No Limit Hold'em - 6-Handed Championship (Bracelet Event 90)54th World Series of Poker - WSOP 2023, Las Vegas",83rd,"$ 16,088",16088,83,10000.0,11657270
2023-07-16,"$ 777 No Limit Hold'em - Lucky 7's (Online Bracelet Event 20) (NV/NJ Only)World Series of Poker - WSOP ONLINE 2023 (US ONLY), Online",26th,"$ 5,765",5765,26,777.0,11663035
2023-07-16,"$ 500 No Limit Hold'em - Summer Saver (Online Bracelet Event 19) (NV/NJ Only)World Series of Poker - WSOP ONLINE 2023 (US ONLY), Online",98th,"$ 1,455",1455,98,500.0,11664490
2023-07-29,"$ 20,000 + 2,400 + 20,000 No Limit Hold'em - Mystery Bounty 7-Handed (Event #3)Triton Poker Super High Roller Series London, London",1st,"$ 639,000",639000,1,20000.0,12303490
